// This XSS are from the C5G7 Benchamrk Problem 
// Source: OECD-NEA 
//        ‘Benchmark specification for deterministic 2D/3D MOX
//         fuel assembly transport calculations without spatial
//         homogenisation (C5G7 MOX)’
//

numberOfGroups 7; 

capture (0.0  0.0  0.0	9.48766E-06	1.50706E-05	-5.88077E-06	-5.34607E-01);
 
fission (0.0  0.0  0.0	1.52581E-06	7.17567E-07	7.75857E-07	8.29893E-07);

nu      (2.852089E+00	2.890990E+00	2.854860E+00	2.860730E+00	2.854470E+00	2.864150E+00	2.867800E+00);
chi (0.0E+00    0.0E+00    0.0E+00    0.0E+00    0.0E+00    0.0E+00    0.0E+00);

scatteringMultiplicity ( 
1.0 1.0 1.0 1.0 1.0 1.0 1.0 
1.0 1.0 1.0 1.0 1.0 1.0 1.0 
1.0 1.0 1.0 1.0 1.0 1.0 1.0 
1.0 1.0 1.0 1.0 1.0 1.0 1.0 
1.0 1.0 1.0 1.0 1.0 1.0 1.0 
1.0 1.0 1.0 1.0 1.0 1.0 1.0 
1.0 1.0 1.0 1.0 1.0 1.0 1.0 
); 

P0 (
0.0E+00    0.0E+00    0.0E+00    0.0E+00    0.0E+00    0.0E+00    0.0E+00
0.0E+00    0.0E+00    0.0E+00    0.0E+00    0.0E+00    0.0E+00    0.0E+00
0.0E+00    0.0E+00    0.0E+00    0.0E+00    0.0E+00    0.0E+00    0.0E+00
0.0E+00    0.0E+00    0.0E+00    0.0E+00    0.0E+00    0.0E+00    0.0E+00
0.0E+00    0.0E+00    0.0E+00    0.0E+00    0.0E+00    0.0E+00    0.0E+00
0.0E+00    0.0E+00    0.0E+00    0.0E+00    0.0E+00    0.0E+00    0.0E+00
0.0E+00    0.0E+00    0.0E+00    0.0E+00    0.0E+00    0.0E+00    0.0E+00
);

