// This XSS are from the C5G7 Benchamrk Problem 
// Source: OECD-NEA 
//        ‘Benchmark specification for deterministic 2D/3D MOX
//         fuel assembly transport calculations without spatial
//         homogenisation (C5G7 MOX)’
//

numberOfGroups 7; 
capture ( 0.0  0.0  0.0	 9.06164E-06	1.42469E-06	-4.07053E-07	2.22587E-06);
fission ( 0.0  0.0  0.0  6.18827E-07    5.93613E-07     1.38391E-06     3.60007E-6);
nu ( 2.7814494E+00	2.4744300E+00	2.4338297E+00	2.4338000E+00	2.43380E+00	2.43380E+00	2.43380E+00);
chi ( 0.0E+00    0.0E+00    0.0E+00    0.0E+00    0.0E+00    0.0E+00    0.0E+00);

scatteringMultiplicity ( 
1.0 1.0 1.0 1.0 1.0 1.0 1.0 
1.0 1.0 1.0 1.0 1.0 1.0 1.0 
1.0 1.0 1.0 1.0 1.0 1.0 1.0 
1.0 1.0 1.0 1.0 1.0 1.0 1.0 
1.0 1.0 1.0 1.0 1.0 1.0 1.0 
1.0 1.0 1.0 1.0 1.0 1.0 1.0 
1.0 1.0 1.0 1.0 1.0 1.0 1.0 
); 

P0 (
0.0E+00    0.0E+00    0.0E+00    0.0E+00    0.0E+00    0.0E+00    0.0E+00
0.0E+00    0.0E+00    0.0E+00    0.0E+00    0.0E+00    0.0E+00    0.0E+00
0.0E+00    0.0E+00    0.0E+00    0.0E+00    0.0E+00    0.0E+00    0.0E+00
0.0E+00    0.0E+00    0.0E+00    0.0E+00    0.0E+00    0.0E+00    0.0E+00
0.0E+00    0.0E+00    0.0E+00    0.0E+00    0.0E+00    0.0E+00    0.0E+00
0.0E+00    0.0E+00    0.0E+00    0.0E+00    0.0E+00    0.0E+00    0.0E+00
0.0E+00    0.0E+00    0.0E+00    0.0E+00    0.0E+00    0.0E+00    0.0E+00
);


