	// This XSS are from the C5G7 Benchamrk Problem 
// Source: OECD-NEA 
//        ‘Benchmark specification for deterministic 2D/3D MOX
//         fuel assembly transport calculations without spatial
//         homogenisation (C5G7 MOX)’
//

numberOfGroups 7;

capture (8.86E-04  3.16E-03  2.21E-02  8.47E-02  1.33E-02  3.08E-02  7.28E-02);
fission (7.86E-03  8.93E-04  7.03E-03  2.02E-02  1.94E-02  9.05E-02  2.35E-01);
nu (2.7814494E+00  2.4744300E+00  2.4338297E+00 2.4338000E+00  2.4338000E+00  2.4338000E+00  2.4338000E+00);
chi (5.8791E-01  4.1176E-01  3.3906E-04  1.1761E-07  0.0000E+00  0.0000E+00  0.0000E+00);

scatteringMultiplicity (
1.0 1.0 1.0 1.0 1.0 1.0 1.0
1.0 1.0 1.0 1.0 1.0 1.0 1.0
1.0 1.0 1.0 1.0 1.0 1.0 1.0
1.0 1.0 1.0 1.0 1.0 1.0 1.0
1.0 1.0 1.0 1.0 1.0 1.0 1.0
1.0 1.0 1.0 1.0 1.0 1.0 1.0
1.0 1.0 1.0 1.0 1.0 1.0 1.0
);

P0 (
1.2753700E-01  4.2378000E-02  9.4374000E-06  5.5163000E-09  0.0000000E+00  0.0000000E+00  0.0000000E+00
0.0000000E+00  3.2445600E-01  1.6314000E-03  3.1427000E-09  0.0000000E+00  0.0000000E+00  0.0000000E+00
0.0000000E+00  0.0000000E+00  4.5094000E-01  2.6792000E-03  0.0000000E+00  0.0000000E+00  0.0000000E+00
0.0000000E+00  0.0000000E+00  0.0000000E+00  4.5256500E-01  5.5664000E-03  0.0000000E+00  0.0000000E+00
0.0000000E+00  0.0000000E+00  0.0000000E+00  1.2525000E-04  2.7140100E-01  1.0255000E-02  1.0021000E-08
0.0000000E+00  0.0000000E+00  0.0000000E+00  0.0000000E+00  1.2968000E-03  2.6580200E-01  1.6809000E-02
0.0000000E+00  0.0000000E+00  0.0000000E+00  0.0000000E+00  0.0000000E+00  8.5458000E-03  2.7308000E-01
);
